--
i 102
-25 141529
[1, 141529, '.', 'C', '<*>', 0, '.', 'DP=16;I16=8,8,0,0,614,23844,0,0,960,57600,0,0,188,3004,0,0;QS=1,0;MQ0F=0', 'DP=16;I16=8,8,0,0,614,23844,0,0,960,57600,0,0,188,3004,0,0;QS=1,0;MQ0F=0', 16, 8, 8, 0, 0, 16, 0, 1.0, 0.0, 1.0, False]
before: 0
after: 1.0
-24 141530
[1, 141530, '.', 'G', '<*>', 0, '.', 'DP=16;I16=8,8,0,0,604,23056,0,0,960,57600,0,0,204,3396,0,0;QS=1,0;MQ0F=0', 'DP=16;I16=8,8,0,0,604,23056,0,0,960,57600,0,0,204,3396,0,0;QS=1,0;MQ0F=0', 16, 8, 8, 0, 0, 16, 0, 1.0, 0.0, 1.0, False]
before: 1.0
after: 2.0
-23 141531
[1, 141531, '.', 'C', '<*>', 0, '.', 'DP=21;I16=13,8,0,0,802,30844,0,0,1260,75600,0,0,216,3628,0,0;QS=1,0;MQ0F=0', 'DP=21;I16=13,8,0,0,802,30844,0,0,1260,75600,0,0,216,3628,0,0;QS=1,0;MQ0F=0', 21, 13, 8, 0, 0, 21, 0, 1.0, 0.0, 1.0, False]
before: 2.0
after: 3.0
-22 141532
[1, 141532, '.', 'T', '<*>', 0, '.', 'DP=22;I16=13,9,0,0,843,32501,0,0,1320,79200,0,0,231,3801,0,0;QS=1,0;MQ0F=0', 'DP=22;I16=13,9,0,0,843,32501,0,0,1320,79200,0,0,231,3801,0,0;QS=1,0;MQ0F=0', 22, 13, 9, 0, 0, 22, 0, 1.0, 0.0, 1.0, False]
before: 3.0
after: 4.0
-21 141533
[1, 141533, '.', 'G', '<*>', 0, '.', 'DP=22;I16=13,9,0,0,844,32578,0,0,1320,79200,0,0,247,4017,0,0;QS=1,0;MQ0F=0', 'DP=22;I16=13,9,0,0,844,32578,0,0,1320,79200,0,0,247,4017,0,0;QS=1,0;MQ0F=0', 22, 13, 9, 0, 0, 22, 0, 1.0, 0.0, 1.0, False]
before: 4.0
after: 5.0
-20 141534
[1, 141534, '.', 'C', '<*>', 0, '.', 'DP=23;I16=14,9,0,0,893,34817,0,0,1380,82800,0,0,263,4277,0,0;QS=1,0;MQ0F=0', 'DP=23;I16=14,9,0,0,893,34817,0,0,1380,82800,0,0,263,4277,0,0;QS=1,0;MQ0F=0', 23, 14, 9, 0, 0, 23, 0, 1.0, 0.0, 1.0, False]
before: 5.0
after: 6.0
-19 141535
[1, 141535, '.', 'T', '<*>', 0, '.', 'DP=23;I16=14,9,0,0,888,34400,0,0,1380,82800,0,0,280,4582,0,0;QS=1,0;MQ0F=0', 'DP=23;I16=14,9,0,0,888,34400,0,0,1380,82800,0,0,280,4582,0,0;QS=1,0;MQ0F=0', 23, 14, 9, 0, 0, 23, 0, 1.0, 0.0, 1.0, False]
before: 6.0
after: 7.0
-18 141536
[1, 141536, '.', 'C', '<*>', 0, '.', 'DP=24;I16=15,9,0,0,918,35350,0,0,1440,86400,0,0,297,4933,0,0;QS=1,0;MQ0F=0', 'DP=24;I16=15,9,0,0,918,35350,0,0,1440,86400,0,0,297,4933,0,0;QS=1,0;MQ0F=0', 24, 15, 9, 0, 0, 24, 0, 1.0, 0.0, 1.0, False]
before: 7.0
after: 8.0
-17 141537
[1, 141537, '.', 'T', 'C,<*>', 0, '.', 'DP=25;I16=15,9,0,1,927,35995,21,441,1440,86400,60,3600,306,5114,5,25;QS=0.977848,0.0221519,0;SGB=-0.379885;RPBZ=-1.25315;MQBZ=0;MQSBZ=0;BQBZ=-1.7185;SCBZ=-0.555556;MQ0F=0', 'DP=25;I16=15,9,0,1,927,35995,21,441,1440,86400,60,3600,306,5114,5,25;QS=0.977848,0.0221519,0;SGB=-0.379885;RPBZ=-1.25315;MQBZ=0;MQSBZ=0;BQBZ=-1.7185;SCBZ=-0.555556;MQ0F=0', 25, 15, 9, 0, 1, 24, 1, 0.96, 0.04, 0.96, False]
before: 8.0
after: 8.96
-16 141538
[1, 141538, '.', 'G', '<*>', 0, '.', 'DP=26;I16=16,10,0,0,998,38424,0,0,1560,93600,0,0,326,5394,0,0;QS=1,0;MQ0F=0', 'DP=26;I16=16,10,0,0,998,38424,0,0,1560,93600,0,0,326,5394,0,0;QS=1,0;MQ0F=0', 26, 16, 10, 0, 0, 26, 0, 1.0, 0.0, 1.0, False]
before: 8.96
after: 9.96
-15 141539
[1, 141539, '.', 'C', '<*>', 0, '.', 'DP=26;I16=16,10,0,0,1005,39087,0,0,1560,93600,0,0,342,5700,0,0;QS=1,0;MQ0F=0', 'DP=26;I16=16,10,0,0,1005,39087,0,0,1560,93600,0,0,342,5700,0,0;QS=1,0;MQ0F=0', 26, 16, 10, 0, 0, 26, 0, 1.0, 0.0, 1.0, False]
before: 9.96
after: 10.96
-14 141540
[1, 141540, '.', 'A', '<*>', 0, '.', 'DP=26;I16=16,10,0,0,1004,38884,0,0,1560,93600,0,0,356,5962,0,0;QS=1,0;MQ0F=0', 'DP=26;I16=16,10,0,0,1004,38884,0,0,1560,93600,0,0,356,5962,0,0;QS=1,0;MQ0F=0', 26, 16, 10, 0, 0, 26, 0, 1.0, 0.0, 1.0, False]
before: 10.96
after: 11.96
-13 141541
[1, 141541, '.', 'C', '<*>', 0, '.', 'DP=27;I16=16,11,0,0,1064,42026,0,0,1620,97200,0,0,371,6277,0,0;QS=1,0;MQ0F=0', 'DP=27;I16=16,11,0,0,1064,42026,0,0,1620,97200,0,0,371,6277,0,0;QS=1,0;MQ0F=0', 27, 16, 11, 0, 0, 27, 0, 1.0, 0.0, 1.0, False]
before: 11.96
after: 12.96
-12 141542
[1, 141542, '.', 'A', 'G,<*>', 0, '.', 'DP=27;I16=11,10,5,1,813,31799,236,9292,1260,75600,360,21600,308,5366,72,1012;QS=0.775024,0.224976,0;VDB=0.381141;SGB=-0.616816;RPBZ=-0.234;MQBZ=0;MQSBZ=0;BQBZ=-0.545422;SCBZ=0.189664;MQ0F=0', 'DP=27;I16=11,10,5,1,813,31799,236,9292,1260,75600,360,21600,308,5366,72,1012;QS=0.775024,0.224976,0;VDB=0.381141;SGB=-0.616816;RPBZ=-0.234;MQBZ=0;MQSBZ=0;BQBZ=-0.545422;SCBZ=0.189664;MQ0F=0', 27, 11, 10, 5, 1, 21, 6, 0.7777777777777778, 0.2222222222222222, 0.7777777777777778, False, 0.9870519438004146]
before: 12.96
after: 13.73777777777778
-11 141543
[1, 141543, '.', 'G', '<*>', 0, '.', 'DP=31;I16=17,14,0,0,1204,47026,0,0,1860,111600,0,0,395,6459,0,0;QS=1,0;MQ0F=0', 'DP=31;I16=17,14,0,0,1204,47026,0,0,1860,111600,0,0,395,6459,0,0;QS=1,0;MQ0F=0', 31, 17, 14, 0, 0, 31, 0, 1.0, 0.0, 1.0, False]
before: 13.73777777777778
after: 14.73777777777778
-10 141544
[1, 141544, '.', 'T', '<*>', 0, '.', 'DP=31;I16=17,14,0,0,1218,48060,0,0,1860,111600,0,0,404,6496,0,0;QS=1,0;MQ0F=0', 'DP=31;I16=17,14,0,0,1218,48060,0,0,1860,111600,0,0,404,6496,0,0;QS=1,0;MQ0F=0', 31, 17, 14, 0, 0, 31, 0, 1.0, 0.0, 1.0, False]
before: 14.73777777777778
after: 15.73777777777778
-9 141545
[1, 141545, '.', 'T', '<*>', 0, '.', 'DP=31;I16=17,14,0,0,1226,48658,0,0,1860,111600,0,0,413,6595,0,0;QS=1,0;MQ0F=0', 'DP=31;I16=17,14,0,0,1226,48658,0,0,1860,111600,0,0,413,6595,0,0;QS=1,0;MQ0F=0', 31, 17, 14, 0, 0, 31, 0, 1.0, 0.0, 1.0, False]
before: 15.73777777777778
after: 16.73777777777778
-8 141546
[1, 141546, '.', 'T', '<*>', 0, '.', 'DP=31;I16=17,14,0,0,1231,49111,0,0,1860,111600,0,0,420,6660,0,0;QS=1,0;MQ0F=0', 'DP=31;I16=17,14,0,0,1231,49111,0,0,1860,111600,0,0,420,6660,0,0;QS=1,0;MQ0F=0', 31, 17, 14, 0, 0, 31, 0, 1.0, 0.0, 1.0, False]
before: 16.73777777777778
after: 17.73777777777778
-7 141547
[1, 141547, '.', 'T', '<*>', 0, '.', 'DP=35;I16=17,18,0,0,1389,55481,0,0,2100,126000,0,0,425,6691,0,0;QS=1,0;MQ0F=0', 'DP=35;I16=17,18,0,0,1389,55481,0,0,2100,126000,0,0,425,6691,0,0;QS=1,0;MQ0F=0', 35, 17, 18, 0, 0, 35, 0, 1.0, 0.0, 1.0, False]
before: 17.73777777777778
after: 18.73777777777778
-6 141548
[1, 141548, '.', 'G', '<*>', 0, '.', 'DP=36;I16=17,19,0,0,1404,55424,0,0,2160,129600,0,0,434,6788,0,0;QS=1,0;MQ0F=0', 'DP=36;I16=17,19,0,0,1404,55424,0,0,2160,129600,0,0,434,6788,0,0;QS=1,0;MQ0F=0', 36, 17, 19, 0, 0, 36, 0, 1.0, 0.0, 1.0, False]
before: 18.73777777777778
after: 19.73777777777778
-5 141549
[1, 141549, '.', 'C', '<*>', 0, '.', 'DP=37;I16=18,19,0,0,1452,57316,0,0,2220,133200,0,0,444,6956,0,0;QS=1,0;MQ0F=0', 'DP=37;I16=18,19,0,0,1452,57316,0,0,2220,133200,0,0,444,6956,0,0;QS=1,0;MQ0F=0', 37, 18, 19, 0, 0, 37, 0, 1.0, 0.0, 1.0, False]
before: 19.73777777777778
after: 20.73777777777778
-4 141550
[1, 141550, '.', 'T', '<*>', 0, '.', 'DP=39;I16=19,20,0,0,1493,58237,0,0,2340,140400,0,0,453,7101,0,0;QS=1,0;MQ0F=0', 'DP=39;I16=19,20,0,0,1493,58237,0,0,2340,140400,0,0,453,7101,0,0;QS=1,0;MQ0F=0', 39, 19, 20, 0, 0, 39, 0, 1.0, 0.0, 1.0, False]
before: 20.73777777777778
after: 21.73777777777778
-3 141551
[1, 141551, '.', 'C', '<*>', 0, '.', 'DP=39;I16=19,20,0,0,1524,60008,0,0,2340,140400,0,0,464,7322,0,0;QS=1,0;MQ0F=0', 'DP=39;I16=19,20,0,0,1524,60008,0,0,2340,140400,0,0,464,7322,0,0;QS=1,0;MQ0F=0', 39, 19, 20, 0, 0, 39, 0, 1.0, 0.0, 1.0, False]
before: 21.73777777777778
after: 22.73777777777778
-2 141552
[1, 141552, '.', 'C', '<*>', 0, '.', 'DP=39;I16=19,20,0,0,1538,60856,0,0,2340,140400,0,0,475,7621,0,0;QS=1,0;MQ0F=0', 'DP=39;I16=19,20,0,0,1538,60856,0,0,2340,140400,0,0,475,7621,0,0;QS=1,0;MQ0F=0', 39, 19, 20, 0, 0, 39, 0, 1.0, 0.0, 1.0, False]
before: 22.73777777777778
after: 23.73777777777778
-1 141553
[1, 141553, '.', 'A', 'G,<*>', 0, '.', 'DP=38;I16=18,18,0,2,1377,53447,76,2888,2160,129600,120,7200,457,7465,26,436;QS=0.947694,0.0523056,0;VDB=0.7;SGB=-0.453602;RPBZ=-0.425664;MQBZ=0;MQSBZ=0;BQBZ=-1.34436;SCBZ=-0.789681;MQ0F=0', 'DP=38;I16=18,18,0,2,1377,53447,76,2888,2160,129600,120,7200,457,7465,26,436;QS=0.947694,0.0523056,0;VDB=0.7;SGB=-0.453602;RPBZ=-0.425664;MQBZ=0;MQSBZ=0;BQBZ=-1.34436;SCBZ=-0.789681;MQ0F=0', 38, 18, 18, 0, 2, 36, 2, 0.9473684210526315, 0.05263157894736842, 0.9473684210526315, False]
before: 23.73777777777778
after: 24.68514619883041
0 141554
[1, 141554, '.', 'A', 'G,<*>', 0, '.', 'DP=37;I16=13,13,4,7,994,38316,420,16106,1560,93600,660,39600,346,5884,139,2245;QS=0.70297,0.29703,0;VDB=0.24616;SGB=-0.676189;RPBZ=-1.61467;MQBZ=0;MQSBZ=0;BQBZ=-0.611571;SCBZ=-0.346262;MQ0F=0', 'DP=37;I16=13,13,4,7,994,38316,420,16106,1560,93600,660,39600,346,5884,139,2245;QS=0.70297,0.29703,0;VDB=0.24616;SGB=-0.676189;RPBZ=-1.61467;MQBZ=0;MQSBZ=0;BQBZ=-0.611571;SCBZ=-0.346262;MQ0F=0', 37, 13, 13, 4, 7, 26, 11, 0.7027027027027027, 0.2972972972972973, 0.7027027027027027, False]
before: 24.68514619883041
after: 25.38784890153311
1 141555
[1, 141555, '.', 'C', '<*>', 0, '.', 'DP=36;I16=16,20,0,0,1422,56362,0,0,2160,129600,0,0,495,8479,0,0;QS=1,0;MQ0F=0', 'DP=36;I16=16,20,0,0,1422,56362,0,0,2160,129600,0,0,495,8479,0,0;QS=1,0;MQ0F=0', 36, 16, 20, 0, 0, 36, 0, 1.0, 0.0, 1.0, False]
before: 25.38784890153311
after: 26.38784890153311
2 141556
[1, 141556, '.', 'C', '<*>', 0, '.', 'DP=35;I16=16,19,0,0,1393,55547,0,0,2100,126000,0,0,496,8420,0,0;QS=1,0;MQ0F=0', 'DP=35;I16=16,19,0,0,1393,55547,0,0,2100,126000,0,0,496,8420,0,0;QS=1,0;MQ0F=0', 35, 16, 19, 0, 0, 35, 0, 1.0, 0.0, 1.0, False]
before: 26.38784890153311
after: 27.38784890153311
3 141557
[1, 141557, '.', 'C', '<*>', 0, '.', 'DP=35;I16=16,19,0,0,1373,53991,0,0,2100,126000,0,0,495,8335,0,0;QS=1,0;MQ0F=0', 'DP=35;I16=16,19,0,0,1373,53991,0,0,2100,126000,0,0,495,8335,0,0;QS=1,0;MQ0F=0', 35, 16, 19, 0, 0, 35, 0, 1.0, 0.0, 1.0, False]
before: 27.38784890153311
after: 28.38784890153311
4 141558
[1, 141558, '.', 'T', '<*>', 0, '.', 'DP=34;I16=16,18,0,0,1314,50978,0,0,2040,122400,0,0,492,8316,0,0;QS=1,0;MQ0F=0', 'DP=34;I16=16,18,0,0,1314,50978,0,0,2040,122400,0,0,492,8316,0,0;QS=1,0;MQ0F=0', 34, 16, 18, 0, 0, 34, 0, 1.0, 0.0, 1.0, False]
before: 28.38784890153311
after: 29.38784890153311
5 141559
[1, 141559, '.', 'A', '<*>', 0, '.', 'DP=36;I16=16,20,0,0,1363,51867,0,0,2160,129600,0,0,490,8278,0,0;QS=1,0;MQ0F=0', 'DP=36;I16=16,20,0,0,1363,51867,0,0,2160,129600,0,0,490,8278,0,0;QS=1,0;MQ0F=0', 36, 16, 20, 0, 0, 36, 0, 1.0, 0.0, 1.0, False]
before: 29.38784890153311
after: 30.38784890153311
6 141560
[1, 141560, '.', 'C', '<*>', 0, '.', 'DP=40;I16=20,20,0,0,1551,60395,0,0,2400,144000,0,0,490,8310,0,0;QS=1,0;MQ0F=0', 'DP=40;I16=20,20,0,0,1551,60395,0,0,2400,144000,0,0,490,8310,0,0;QS=1,0;MQ0F=0', 40, 20, 20, 0, 0, 40, 0, 1.0, 0.0, 1.0, False]
before: 30.38784890153311
after: 31.38784890153311
7 141561
[1, 141561, '.', 'T', '<*>', 0, '.', 'DP=39;I16=19,20,0,0,1473,55913,0,0,2340,140400,0,0,493,8321,0,0;QS=1,0;MQ0F=0', 'DP=39;I16=19,20,0,0,1473,55913,0,0,2340,140400,0,0,493,8321,0,0;QS=1,0;MQ0F=0', 39, 19, 20, 0, 0, 39, 0, 1.0, 0.0, 1.0, False]
before: 31.38784890153311
after: 32.38784890153311
8 141562
[1, 141562, '.', 'C', 'A,<*>', 0, '.', 'DP=41;I16=19,21,1,0,1566,61560,8,64,2400,144000,60,3600,486,8250,8,64;QS=0.994917,0.00508259,0;SGB=-0.379885;RPBZ=1.18549;MQBZ=0;MQSBZ=0;BQBZ=-1.80432;SCBZ=-0.328311;MQ0F=0', 'DP=41;I16=19,21,1,0,1566,61560,8,64,2400,144000,60,3600,486,8250,8,64;QS=0.994917,0.00508259,0;SGB=-0.379885;RPBZ=1.18549;MQBZ=0;MQSBZ=0;BQBZ=-1.80432;SCBZ=-0.328311;MQ0F=0', 41, 19, 21, 1, 0, 40, 1, 0.975609756097561, 0.024390243902439025, 0.975609756097561, False]
before: 32.38784890153311
after: 33.36345865763067
9 141563
[1, 141563, '.', 'A', 'G,<*>', 0, '.', 'DP=42;I16=20,21,0,1,1583,61453,41,1681,2460,147600,60,3600,473,7807,22,484;QS=0.974754,0.0252463,0;SGB=-0.379885;RPBZ=0.206624;MQBZ=0;MQSBZ=0;BQBZ=1.10975;SCBZ=-0.323986;MQ0F=0', 'DP=42;I16=20,21,0,1,1583,61453,41,1681,2460,147600,60,3600,473,7807,22,484;QS=0.974754,0.0252463,0;SGB=-0.379885;RPBZ=0.206624;MQBZ=0;MQSBZ=0;BQBZ=1.10975;SCBZ=-0.323986;MQ0F=0', 42, 20, 21, 0, 1, 41, 1, 0.9761904761904762, 0.023809523809523808, 0.9761904761904762, False]
before: 33.36345865763067
after: 34.33964913382115
10 141564
[1, 141564, '.', 'G', '<*>', 0, '.', 'DP=44;I16=20,24,0,0,1692,65510,0,0,2640,158400,0,0,499,8351,0,0;QS=1,0;MQ0F=0', 'DP=44;I16=20,24,0,0,1692,65510,0,0,2640,158400,0,0,499,8351,0,0;QS=1,0;MQ0F=0', 44, 20, 24, 0, 0, 44, 0, 1.0, 0.0, 1.0, False]
before: 34.33964913382115
after: 35.33964913382115
11 141565
[1, 141565, '.', 'A', '<*>', 0, '.', 'DP=43;I16=20,23,0,0,1660,64306,0,0,2580,154800,0,0,499,8209,0,0;QS=1,0;MQ0F=0', 'DP=43;I16=20,23,0,0,1660,64306,0,0,2580,154800,0,0,499,8209,0,0;QS=1,0;MQ0F=0', 43, 20, 23, 0, 0, 43, 0, 1.0, 0.0, 1.0, False]
before: 35.33964913382115
after: 36.33964913382115
12 141566
[1, 141566, '.', 'C', '<*>', 0, '.', 'DP=43;I16=21,22,0,0,1665,64625,0,0,2580,154800,0,0,499,8057,0,0;QS=1,0;MQ0F=0', 'DP=43;I16=21,22,0,0,1665,64625,0,0,2580,154800,0,0,499,8057,0,0;QS=1,0;MQ0F=0', 43, 21, 22, 0, 0, 43, 0, 1.0, 0.0, 1.0, False]
before: 36.33964913382115
after: 37.33964913382115
13 141567
[1, 141567, '.', 'A', '<*>', 0, '.', 'DP=42;I16=21,21,0,0,1586,60154,0,0,2520,151200,0,0,501,7989,0,0;QS=1,0;MQ0F=0', 'DP=42;I16=21,21,0,0,1586,60154,0,0,2520,151200,0,0,501,7989,0,0;QS=1,0;MQ0F=0', 42, 21, 21, 0, 0, 42, 0, 1.0, 0.0, 1.0, False]
before: 37.33964913382115
after: 38.33964913382115
14 141568
[1, 141568, '.', 'C', '<*>', 0, '.', 'DP=41;I16=21,20,0,0,1571,60421,0,0,2460,147600,0,0,502,7908,0,0;QS=1,0;MQ0F=0', 'DP=41;I16=21,20,0,0,1571,60421,0,0,2460,147600,0,0,502,7908,0,0;QS=1,0;MQ0F=0', 41, 21, 20, 0, 0, 41, 0, 1.0, 0.0, 1.0, False]
before: 38.33964913382115
after: 39.33964913382115
15 141569
[1, 141569, '.', 'A', '<*>', 0, '.', 'DP=45;I16=24,21,0,0,1635,60467,0,0,2700,162000,0,0,503,7909,0,0;QS=1,0;MQ0F=0', 'DP=45;I16=24,21,0,0,1635,60467,0,0,2700,162000,0,0,503,7909,0,0;QS=1,0;MQ0F=0', 45, 24, 21, 0, 0, 45, 0, 1.0, 0.0, 1.0, False]
before: 39.33964913382115
after: 40.33964913382115
16 141570
[1, 141570, '.', 'C', '<*>', 0, '.', 'DP=46;I16=25,21,0,0,1791,70179,0,0,2760,165600,0,0,509,7995,0,0;QS=1,0;MQ0F=0', 'DP=46;I16=25,21,0,0,1791,70179,0,0,2760,165600,0,0,509,7995,0,0;QS=1,0;MQ0F=0', 46, 25, 21, 0, 0, 46, 0, 1.0, 0.0, 1.0, False]
before: 40.33964913382115
after: 41.33964913382115
17 141571
[1, 141571, '.', 'C', '<*>', 0, '.', 'DP=45;I16=24,21,0,0,1730,67666,0,0,2700,162000,0,0,518,8170,0,0;QS=1,0;MQ0F=0', 'DP=45;I16=24,21,0,0,1730,67666,0,0,2700,162000,0,0,518,8170,0,0;QS=1,0;MQ0F=0', 45, 24, 21, 0, 0, 45, 0, 1.0, 0.0, 1.0, False]
before: 41.33964913382115
after: 42.33964913382115
18 141572
[1, 141572, '.', 'T', '<*>', 0, '.', 'DP=45;I16=24,21,0,0,1765,69483,0,0,2700,162000,0,0,519,8051,0,0;QS=1,0;MQ0F=0', 'DP=45;I16=24,21,0,0,1765,69483,0,0,2700,162000,0,0,519,8051,0,0;QS=1,0;MQ0F=0', 45, 24, 21, 0, 0, 45, 0, 1.0, 0.0, 1.0, False]
before: 42.33964913382115
after: 43.33964913382115
19 141573
[1, 141573, '.', 'G', '<*>', 0, '.', 'DP=45;I16=24,21,0,0,1760,69294,0,0,2700,162000,0,0,518,7926,0,0;QS=1,0;MQ0F=0', 'DP=45;I16=24,21,0,0,1760,69294,0,0,2700,162000,0,0,518,7926,0,0;QS=1,0;MQ0F=0', 45, 24, 21, 0, 0, 45, 0, 1.0, 0.0, 1.0, False]
before: 43.33964913382115
after: 44.33964913382115
20 141574
[1, 141574, '.', 'A', '<*>', 0, '.', 'DP=44;I16=24,20,0,0,1730,68252,0,0,2640,158400,0,0,516,7794,0,0;QS=1,0;MQ0F=0', 'DP=44;I16=24,20,0,0,1730,68252,0,0,2640,158400,0,0,516,7794,0,0;QS=1,0;MQ0F=0', 44, 24, 20, 0, 0, 44, 0, 1.0, 0.0, 1.0, False]
before: 44.33964913382115
after: 45.33964913382115
21 141575
[1, 141575, '.', 'T', '<*>', 0, '.', 'DP=44;I16=24,20,0,0,1717,67337,0,0,2640,158400,0,0,510,7558,0,0;QS=1,0;MQ0F=0', 'DP=44;I16=24,20,0,0,1717,67337,0,0,2640,158400,0,0,510,7558,0,0;QS=1,0;MQ0F=0', 44, 24, 20, 0, 0, 44, 0, 1.0, 0.0, 1.0, False]
before: 45.33964913382115
after: 46.33964913382115
22 141576
[1, 141576, '.', 'C', '<*>', 0, '.', 'DP=44;I16=24,20,0,0,1728,68156,0,0,2640,158400,0,0,504,7410,0,0;QS=1,0;MQ0F=0', 'DP=44;I16=24,20,0,0,1728,68156,0,0,2640,158400,0,0,504,7410,0,0;QS=1,0;MQ0F=0', 44, 24, 20, 0, 0, 44, 0, 1.0, 0.0, 1.0, False]
before: 46.33964913382115
after: 47.33964913382115
23 141577
[1, 141577, '.', 'C', '<*>', 0, '.', 'DP=44;I16=24,20,0,0,1738,68854,0,0,2640,158400,0,0,499,7349,0,0;QS=1,0;MQ0F=0', 'DP=44;I16=24,20,0,0,1738,68854,0,0,2640,158400,0,0,499,7349,0,0;QS=1,0;MQ0F=0', 44, 24, 20, 0, 0, 44, 0, 1.0, 0.0, 1.0, False]
before: 47.33964913382115
after: 48.33964913382115
24 141578
[1, 141578, '.', 'A', '<*>', 0, '.', 'DP=45;I16=25,20,0,0,1754,68712,0,0,2700,162000,0,0,496,7374,0,0;QS=1,0;MQ0F=0', 'DP=45;I16=25,20,0,0,1754,68712,0,0,2700,162000,0,0,496,7374,0,0;QS=1,0;MQ0F=0', 45, 25, 20, 0, 0, 45, 0, 1.0, 0.0, 1.0, False]
before: 48.33964913382115
after: 49.33964913382115
25 141579
[1, 141579, '.', 'G', '<*>', 0, '.', 'DP=45;I16=25,20,0,0,1766,69574,0,0,2700,162000,0,0,495,7487,0,0;QS=1,0;MQ0F=0', 'DP=45;I16=25,20,0,0,1766,69574,0,0,2700,162000,0,0,495,7487,0,0;QS=1,0;MQ0F=0', 45, 25, 20, 0, 0, 45, 0, 1.0, 0.0, 1.0, False]
before: 49.33964913382115
after: 50.33964913382115
--
i 194
-25 141529
[1, 141529, '.', 'C', '<*>', 0, '.', 'DP=6;I16=5,1,0,0,215,7863,0,0,360,21600,0,0,46,700,0,0;QS=1,0;MQ0F=0', 'DP=6;I16=5,1,0,0,215,7863,0,0,360,21600,0,0,46,700,0,0;QS=1,0;MQ0F=0', 6, 5, 1, 0, 0, 6, 0, 1.0, 0.0, 1.0, False]
before: 0
after: 1.0
-24 141530
[1, 141530, '.', 'G', '<*>', 0, '.', 'DP=6;I16=5,1,0,0,213,7647,0,0,360,21600,0,0,52,798,0,0;QS=1,0;MQ0F=0', 'DP=6;I16=5,1,0,0,213,7647,0,0,360,21600,0,0,52,798,0,0;QS=1,0;MQ0F=0', 6, 5, 1, 0, 0, 6, 0, 1.0, 0.0, 1.0, False]
before: 1.0
after: 2.0
-23 141531
[1, 141531, '.', 'C', '<*>', 0, '.', 'DP=7;I16=5,2,0,0,258,9612,0,0,420,25200,0,0,58,908,0,0;QS=1,0;MQ0F=0', 'DP=7;I16=5,2,0,0,258,9612,0,0,420,25200,0,0,58,908,0,0;QS=1,0;MQ0F=0', 7, 5, 2, 0, 0, 7, 0, 1.0, 0.0, 1.0, False]
before: 2.0
after: 3.0
-22 141532
[1, 141532, '.', 'T', '<*>', 0, '.', 'DP=10;I16=5,5,0,0,385,14893,0,0,600,36000,0,0,65,1031,0,0;QS=1,0;MQ0F=0', 'DP=10;I16=5,5,0,0,385,14893,0,0,600,36000,0,0,65,1031,0,0;QS=1,0;MQ0F=0', 10, 5, 5, 0, 0, 10, 0, 1.0, 0.0, 1.0, False]
before: 3.0
after: 4.0
-21 141533
[1, 141533, '.', 'G', '<*>', 0, '.', 'DP=11;I16=5,6,0,0,419,16125,0,0,660,39600,0,0,75,1171,0,0;QS=1,0;MQ0F=0', 'DP=11;I16=5,6,0,0,419,16125,0,0,660,39600,0,0,75,1171,0,0;QS=1,0;MQ0F=0', 11, 5, 6, 0, 0, 11, 0, 1.0, 0.0, 1.0, False]
before: 4.0
after: 5.0
-20 141534
[1, 141534, '.', 'C', '<*>', 0, '.', 'DP=11;I16=5,6,0,0,431,16945,0,0,660,39600,0,0,86,1332,0,0;QS=1,0;MQ0F=0', 'DP=11;I16=5,6,0,0,431,16945,0,0,660,39600,0,0,86,1332,0,0;QS=1,0;MQ0F=0', 11, 5, 6, 0, 0, 11, 0, 1.0, 0.0, 1.0, False]
before: 5.0
after: 6.0
-19 141535
[1, 141535, '.', 'T', '<*>', 0, '.', 'DP=11;I16=5,6,0,0,420,16128,0,0,660,39600,0,0,97,1515,0,0;QS=1,0;MQ0F=0', 'DP=11;I16=5,6,0,0,420,16128,0,0,660,39600,0,0,97,1515,0,0;QS=1,0;MQ0F=0', 11, 5, 6, 0, 0, 11, 0, 1.0, 0.0, 1.0, False]
before: 6.0
after: 7.0
-18 141536
[1, 141536, '.', 'C', '<*>', 0, '.', 'DP=11;I16=5,6,0,0,432,17024,0,0,660,39600,0,0,108,1720,0,0;QS=1,0;MQ0F=0', 'DP=11;I16=5,6,0,0,432,17024,0,0,660,39600,0,0,108,1720,0,0;QS=1,0;MQ0F=0', 11, 5, 6, 0, 0, 11, 0, 1.0, 0.0, 1.0, False]
before: 7.0
after: 8.0
-17 141537
[1, 141537, '.', 'T', '<*>', 0, '.', 'DP=11;I16=5,6,0,0,433,17099,0,0,660,39600,0,0,115,1755,0,0;QS=1,0;MQ0F=0', 'DP=11;I16=5,6,0,0,433,17099,0,0,660,39600,0,0,115,1755,0,0;QS=1,0;MQ0F=0', 11, 5, 6, 0, 0, 11, 0, 1.0, 0.0, 1.0, False]
before: 8.0
after: 9.0
-16 141538
[1, 141538, '.', 'G', '<*>', 0, '.', 'DP=11;I16=5,6,0,0,436,17298,0,0,660,39600,0,0,122,1812,0,0;QS=1,0;MQ0F=0', 'DP=11;I16=5,6,0,0,436,17298,0,0,660,39600,0,0,122,1812,0,0;QS=1,0;MQ0F=0', 11, 5, 6, 0, 0, 11, 0, 1.0, 0.0, 1.0, False]
before: 9.0
after: 10.0
-15 141539
[1, 141539, '.', 'C', '<*>', 0, '.', 'DP=11;I16=5,6,0,0,435,17217,0,0,660,39600,0,0,129,1891,0,0;QS=1,0;MQ0F=0', 'DP=11;I16=5,6,0,0,435,17217,0,0,660,39600,0,0,129,1891,0,0;QS=1,0;MQ0F=0', 11, 5, 6, 0, 0, 11, 0, 1.0, 0.0, 1.0, False]
before: 10.0
after: 11.0
-14 141540
[1, 141540, '.', 'A', 'G,<*>', 0, '.', 'DP=11;I16=5,5,0,1,387,15009,40,1600,600,36000,60,3600,128,1928,8,64;QS=0.906323,0.0936768,0;SGB=-0.379885;RPBZ=-0.961891;MQBZ=0;MQSBZ=0;BQBZ=0.815016;SCBZ=0;MQ0F=0', 'DP=11;I16=5,5,0,1,387,15009,40,1600,600,36000,60,3600,128,1928,8,64;QS=0.906323,0.0936768,0;SGB=-0.379885;RPBZ=-0.961891;MQBZ=0;MQSBZ=0;BQBZ=0.815016;SCBZ=0;MQ0F=0', 11, 5, 5, 0, 1, 10, 1, 0.9090909090909091, 0.09090909090909091, 0.9090909090909091, False]
before: 11.0
after: 11.909090909090908
-13 141541
[1, 141541, '.', 'C', '<*>', 0, '.', 'DP=11;I16=5,6,0,0,441,17695,0,0,660,39600,0,0,143,2115,0,0;QS=1,0;MQ0F=0', 'DP=11;I16=5,6,0,0,441,17695,0,0,660,39600,0,0,143,2115,0,0;QS=1,0;MQ0F=0', 11, 5, 6, 0, 0, 11, 0, 1.0, 0.0, 1.0, False]
before: 11.909090909090908
after: 12.909090909090908
-12 141542
[1, 141542, '.', 'A', 'G,<*>', 0, '.', 'DP=11;I16=5,2,0,4,275,10885,163,6643,420,25200,240,14400,110,1858,40,402;QS=0.627854,0.372146,0;VDB=0.00835905;SGB=-0.556411;RPBZ=-2.29936;MQBZ=0;MQSBZ=0;BQBZ=0.664804;SCBZ=0;MQ0F=0', 'DP=11;I16=5,2,0,4,275,10885,163,6643,420,25200,240,14400,110,1858,40,402;QS=0.627854,0.372146,0;VDB=0.00835905;SGB=-0.556411;RPBZ=-2.29936;MQBZ=0;MQSBZ=0;BQBZ=0.664804;SCBZ=0;MQ0F=0', 11, 5, 2, 0, 4, 7, 4, 0.6363636363636364, 0.36363636363636365, 0.6363636363636364, False, 0.9847494553376906]
before: 12.909090909090908
after: 13.545454545454545
-11 141543
[1, 141543, '.', 'G', '<*>', 0, '.', 'DP=11;I16=5,6,0,0,435,17287,0,0,660,39600,0,0,155,2331,0,0;QS=1,0;MQ0F=0', 'DP=11;I16=5,6,0,0,435,17287,0,0,660,39600,0,0,155,2331,0,0;QS=1,0;MQ0F=0', 11, 5, 6, 0, 0, 11, 0, 1.0, 0.0, 1.0, False]
before: 13.545454545454545
after: 14.545454545454545
-10 141544
[1, 141544, '.', 'T', '<*>', 0, '.', 'DP=11;I16=5,6,0,0,427,16761,0,0,660,39600,0,0,160,2424,0,0;QS=1,0;MQ0F=0', 'DP=11;I16=5,6,0,0,427,16761,0,0,660,39600,0,0,160,2424,0,0;QS=1,0;MQ0F=0', 11, 5, 6, 0, 0, 11, 0, 1.0, 0.0, 1.0, False]
before: 14.545454545454545
after: 15.545454545454545
-9 141545
[1, 141545, '.', 'T', '<*>', 0, '.', 'DP=11;I16=5,6,0,0,415,16169,0,0,660,39600,0,0,165,2539,0,0;QS=1,0;MQ0F=0', 'DP=11;I16=5,6,0,0,415,16169,0,0,660,39600,0,0,165,2539,0,0;QS=1,0;MQ0F=0', 11, 5, 6, 0, 0, 11, 0, 1.0, 0.0, 1.0, False]
before: 15.545454545454545
after: 16.545454545454547
-8 141546
[1, 141546, '.', 'T', '<*>', 0, '.', 'DP=12;I16=5,7,0,0,467,18409,0,0,720,43200,0,0,170,2676,0,0;QS=1,0;MQ0F=0', 'DP=12;I16=5,7,0,0,467,18409,0,0,720,43200,0,0,170,2676,0,0;QS=1,0;MQ0F=0', 12, 5, 7, 0, 0, 12, 0, 1.0, 0.0, 1.0, False]
before: 16.545454545454547
after: 17.545454545454547
-7 141547
[1, 141547, '.', 'T', '<*>', 0, '.', 'DP=13;I16=5,8,0,0,519,20763,0,0,780,46800,0,0,176,2836,0,0;QS=1,0;MQ0F=0', 'DP=13;I16=5,8,0,0,519,20763,0,0,780,46800,0,0,176,2836,0,0;QS=1,0;MQ0F=0', 13, 5, 8, 0, 0, 13, 0, 1.0, 0.0, 1.0, False]
before: 17.545454545454547
after: 18.545454545454547
-6 141548
[1, 141548, '.', 'G', '<*>', 0, '.', 'DP=13;I16=5,8,0,0,509,19995,0,0,780,46800,0,0,183,3021,0,0;QS=1,0;MQ0F=0', 'DP=13;I16=5,8,0,0,509,19995,0,0,780,46800,0,0,183,3021,0,0;QS=1,0;MQ0F=0', 13, 5, 8, 0, 0, 13, 0, 1.0, 0.0, 1.0, False]
before: 18.545454545454547
after: 19.545454545454547
-5 141549
[1, 141549, '.', 'C', '<*>', 0, '.', 'DP=16;I16=7,9,0,0,619,24079,0,0,960,57600,0,0,190,3232,0,0;QS=1,0;MQ0F=0', 'DP=16;I16=7,9,0,0,619,24079,0,0,960,57600,0,0,190,3232,0,0;QS=1,0;MQ0F=0', 16, 7, 9, 0, 0, 16, 0, 1.0, 0.0, 1.0, False]
before: 19.545454545454547
after: 20.545454545454547
-4 141550
[1, 141550, '.', 'T', '<*>', 0, '.', 'DP=18;I16=7,11,0,0,696,27002,0,0,1080,64800,0,0,200,3472,0,0;QS=1,0;MQ0F=0', 'DP=18;I16=7,11,0,0,696,27002,0,0,1080,64800,0,0,200,3472,0,0;QS=1,0;MQ0F=0', 18, 7, 11, 0, 0, 18, 0, 1.0, 0.0, 1.0, False]
before: 20.545454545454547
after: 21.545454545454547
-3 141551
[1, 141551, '.', 'C', '<*>', 0, '.', 'DP=18;I16=7,11,0,0,697,27207,0,0,1080,64800,0,0,212,3746,0,0;QS=1,0;MQ0F=0', 'DP=18;I16=7,11,0,0,697,27207,0,0,1080,64800,0,0,212,3746,0,0;QS=1,0;MQ0F=0', 18, 7, 11, 0, 0, 18, 0, 1.0, 0.0, 1.0, False]
before: 21.545454545454547
after: 22.545454545454547
-2 141552
[1, 141552, '.', 'C', '<*>', 0, '.', 'DP=18;I16=7,11,0,0,699,27239,0,0,1080,64800,0,0,224,4056,0,0;QS=1,0;MQ0F=0', 'DP=18;I16=7,11,0,0,699,27239,0,0,1080,64800,0,0,224,4056,0,0;QS=1,0;MQ0F=0', 18, 7, 11, 0, 0, 18, 0, 1.0, 0.0, 1.0, False]
before: 22.545454545454547
after: 23.545454545454547
-1 141553
[1, 141553, '.', 'A', '<*>', 0, '.', 'DP=18;I16=7,11,0,0,677,25669,0,0,1080,64800,0,0,234,4306,0,0;QS=1,0;MQ0F=0', 'DP=18;I16=7,11,0,0,677,25669,0,0,1080,64800,0,0,234,4306,0,0;QS=1,0;MQ0F=0', 18, 7, 11, 0, 0, 18, 0, 1.0, 0.0, 1.0, False]
before: 23.545454545454547
after: 24.545454545454547
0 141554
[1, 141554, '.', 'A', 'G,<*>', 0, '.', 'DP=18;I16=5,8,2,3,474,17368,191,7339,780,46800,300,18000,194,3730,46,670;QS=0.712782,0.287218,0;VDB=0.810473;SGB=-0.590765;RPBZ=-0.396548;MQBZ=0;MQSBZ=0;BQBZ=1.32452;SCBZ=0;MQ0F=0', 'DP=18;I16=5,8,2,3,474,17368,191,7339,780,46800,300,18000,194,3730,46,670;QS=0.712782,0.287218,0;VDB=0.810473;SGB=-0.590765;RPBZ=-0.396548;MQBZ=0;MQSBZ=0;BQBZ=1.32452;SCBZ=0;MQ0F=0', 18, 5, 8, 2, 3, 13, 5, 0.7222222222222222, 0.2777777777777778, 0.7222222222222222, False]
before: 24.545454545454547
after: 25.267676767676768
1 141555
[1, 141555, '.', 'C', '<*>', 0, '.', 'DP=20;I16=7,13,0,0,784,30856,0,0,1200,72000,0,0,252,4556,0,0;QS=1,0;MQ0F=0', 'DP=20;I16=7,13,0,0,784,30856,0,0,1200,72000,0,0,252,4556,0,0;QS=1,0;MQ0F=0', 20, 7, 13, 0, 0, 20, 0, 1.0, 0.0, 1.0, False]
before: 25.267676767676768
after: 26.267676767676768
2 141556
[1, 141556, '.', 'C', '<*>', 0, '.', 'DP=20;I16=7,13,0,0,778,30426,0,0,1200,72000,0,0,258,4640,0,0;QS=1,0;MQ0F=0', 'DP=20;I16=7,13,0,0,778,30426,0,0,1200,72000,0,0,258,4640,0,0;QS=1,0;MQ0F=0', 20, 7, 13, 0, 0, 20, 0, 1.0, 0.0, 1.0, False]
before: 26.267676767676768
after: 27.267676767676768
3 141557
[1, 141557, '.', 'C', '<*>', 0, '.', 'DP=21;I16=7,14,0,0,811,31481,0,0,1260,75600,0,0,258,4476,0,0;QS=1,0;MQ0F=0', 'DP=21;I16=7,14,0,0,811,31481,0,0,1260,75600,0,0,258,4476,0,0;QS=1,0;MQ0F=0', 21, 7, 14, 0, 0, 21, 0, 1.0, 0.0, 1.0, False]
before: 27.267676767676768
after: 28.267676767676768
4 141558
[1, 141558, '.', 'T', '<*>', 0, '.', 'DP=21;I16=7,14,0,0,802,30840,0,0,1260,75600,0,0,257,4257,0,0;QS=1,0;MQ0F=0', 'DP=21;I16=7,14,0,0,802,30840,0,0,1260,75600,0,0,257,4257,0,0;QS=1,0;MQ0F=0', 21, 7, 14, 0, 0, 21, 0, 1.0, 0.0, 1.0, False]
before: 28.267676767676768
after: 29.267676767676768
5 141559
[1, 141559, '.', 'A', 'G,<*>', 0, '.', 'DP=22;I16=6,15,1,0,744,27162,41,1681,1260,75600,60,3600,238,3756,18,324;QS=0.947771,0.0522293,0;SGB=-0.379885;RPBZ=0.948683;MQBZ=0;MQSBZ=0;BQBZ=1.67841;SCBZ=-0.315869;MQ0F=0', 'DP=22;I16=6,15,1,0,744,27162,41,1681,1260,75600,60,3600,238,3756,18,324;QS=0.947771,0.0522293,0;SGB=-0.379885;RPBZ=0.948683;MQBZ=0;MQSBZ=0;BQBZ=1.67841;SCBZ=-0.315869;MQ0F=0', 22, 6, 15, 1, 0, 21, 1, 0.9545454545454546, 0.045454545454545456, 0.9545454545454546, False]
before: 29.267676767676768
after: 30.22222222222222
6 141560
[1, 141560, '.', 'C', '<*>', 0, '.', 'DP=24;I16=9,15,0,0,919,35579,0,0,1440,86400,0,0,256,3946,0,0;QS=1,0;MQ0F=0', 'DP=24;I16=9,15,0,0,919,35579,0,0,1440,86400,0,0,256,3946,0,0;QS=1,0;MQ0F=0', 24, 9, 15, 0, 0, 24, 0, 1.0, 0.0, 1.0, False]
before: 30.22222222222222
after: 31.22222222222222
7 141561
[1, 141561, '.', 'T', '<*>', 0, '.', 'DP=22;I16=7,15,0,0,824,31234,0,0,1320,79200,0,0,260,3856,0,0;QS=1,0;MQ0F=0', 'DP=22;I16=7,15,0,0,824,31234,0,0,1320,79200,0,0,260,3856,0,0;QS=1,0;MQ0F=0', 22, 7, 15, 0, 0, 22, 0, 1.0, 0.0, 1.0, False]
before: 31.22222222222222
after: 32.22222222222222
8 141562
[1, 141562, '.', 'C', '<*>', 0, '.', 'DP=22;I16=7,15,0,0,864,34102,0,0,1320,79200,0,0,264,3810,0,0;QS=1,0;MQ0F=0', 'DP=22;I16=7,15,0,0,864,34102,0,0,1320,79200,0,0,264,3810,0,0;QS=1,0;MQ0F=0', 22, 7, 15, 0, 0, 22, 0, 1.0, 0.0, 1.0, False]
before: 32.22222222222222
after: 33.22222222222222
9 141563
[1, 141563, '.', 'A', '<*>', 0, '.', 'DP=22;I16=7,15,0,0,871,34547,0,0,1320,79200,0,0,268,3808,0,0;QS=1,0;MQ0F=0', 'DP=22;I16=7,15,0,0,871,34547,0,0,1320,79200,0,0,268,3808,0,0;QS=1,0;MQ0F=0', 22, 7, 15, 0, 0, 22, 0, 1.0, 0.0, 1.0, False]
before: 33.22222222222222
after: 34.22222222222222
10 141564
[1, 141564, '.', 'G', '<*>', 0, '.', 'DP=22;I16=7,15,0,0,849,32901,0,0,1320,79200,0,0,272,3850,0,0;QS=1,0;MQ0F=0', 'DP=22;I16=7,15,0,0,849,32901,0,0,1320,79200,0,0,272,3850,0,0;QS=1,0;MQ0F=0', 22, 7, 15, 0, 0, 22, 0, 1.0, 0.0, 1.0, False]
before: 34.22222222222222
after: 35.22222222222222
11 141565
[1, 141565, '.', 'A', '<*>', 0, '.', 'DP=22;I16=7,15,0,0,834,31818,0,0,1320,79200,0,0,276,3936,0,0;QS=1,0;MQ0F=0', 'DP=22;I16=7,15,0,0,834,31818,0,0,1320,79200,0,0,276,3936,0,0;QS=1,0;MQ0F=0', 22, 7, 15, 0, 0, 22, 0, 1.0, 0.0, 1.0, False]
before: 35.22222222222222
after: 36.22222222222222
12 141566
[1, 141566, '.', 'C', '<*>', 0, '.', 'DP=24;I16=7,17,0,0,903,34161,0,0,1440,86400,0,0,280,4066,0,0;QS=1,0;MQ0F=0', 'DP=24;I16=7,17,0,0,903,34161,0,0,1440,86400,0,0,280,4066,0,0;QS=1,0;MQ0F=0', 24, 7, 17, 0, 0, 24, 0, 1.0, 0.0, 1.0, False]
before: 36.22222222222222
after: 37.22222222222222
13 141567
[1, 141567, '.', 'A', '<*>', 0, '.', 'DP=23;I16=7,16,0,0,861,32303,0,0,1380,82800,0,0,287,4241,0,0;QS=1,0;MQ0F=0', 'DP=23;I16=7,16,0,0,861,32303,0,0,1380,82800,0,0,287,4241,0,0;QS=1,0;MQ0F=0', 23, 7, 16, 0, 0, 23, 0, 1.0, 0.0, 1.0, False]
before: 37.22222222222222
after: 38.22222222222222
14 141568
[1, 141568, '.', 'C', '<*>', 0, '.', 'DP=23;I16=7,16,0,0,871,33219,0,0,1380,82800,0,0,294,4462,0,0;QS=1,0;MQ0F=0', 'DP=23;I16=7,16,0,0,871,33219,0,0,1380,82800,0,0,294,4462,0,0;QS=1,0;MQ0F=0', 23, 7, 16, 0, 0, 23, 0, 1.0, 0.0, 1.0, False]
before: 38.22222222222222
after: 39.22222222222222
15 141569
[1, 141569, '.', 'A', 'T,<*>', 0, '.', 'DP=24;I16=7,16,0,1,835,30507,10,100,1380,82800,60,3600,282,4368,19,361;QS=0.988166,0.0118343,0;SGB=-0.379885;RPBZ=-0.289683;MQBZ=0;MQSBZ=0;BQBZ=-1.66969;SCBZ=-0.301226;MQ0F=0', 'DP=24;I16=7,16,0,1,835,30507,10,100,1380,82800,60,3600,282,4368,19,361;QS=0.988166,0.0118343,0;SGB=-0.379885;RPBZ=-0.289683;MQBZ=0;MQSBZ=0;BQBZ=-1.66969;SCBZ=-0.301226;MQ0F=0', 24, 7, 16, 0, 1, 23, 1, 0.9583333333333334, 0.041666666666666664, 0.9583333333333334, False]
before: 39.22222222222222
after: 40.18055555555556
16 141570
[1, 141570, '.', 'C', '<*>', 0, '.', 'DP=24;I16=7,17,0,0,927,36173,0,0,1440,86400,0,0,309,5043,0,0;QS=1,0;MQ0F=0', 'DP=24;I16=7,17,0,0,927,36173,0,0,1440,86400,0,0,309,5043,0,0;QS=1,0;MQ0F=0', 24, 7, 17, 0, 0, 24, 0, 1.0, 0.0, 1.0, False]
before: 40.18055555555556
after: 41.18055555555556
17 141571
[1, 141571, '.', 'C', '<*>', 0, '.', 'DP=26;I16=9,17,0,0,1016,39862,0,0,1560,93600,0,0,315,5309,0,0;QS=1,0;MQ0F=0', 'DP=26;I16=9,17,0,0,1016,39862,0,0,1560,93600,0,0,315,5309,0,0;QS=1,0;MQ0F=0', 26, 9, 17, 0, 0, 26, 0, 1.0, 0.0, 1.0, False]
before: 41.18055555555556
after: 42.18055555555556
18 141572
[1, 141572, '.', 'T', '<*>', 0, '.', 'DP=27;I16=9,18,0,0,1043,40507,0,0,1620,97200,0,0,321,5529,0,0;QS=1,0;MQ0F=0', 'DP=27;I16=9,18,0,0,1043,40507,0,0,1620,97200,0,0,321,5529,0,0;QS=1,0;MQ0F=0', 27, 9, 18, 0, 0, 27, 0, 1.0, 0.0, 1.0, False]
before: 42.18055555555556
after: 43.18055555555556
19 141573
[1, 141573, '.', 'G', '<*>', 0, '.', 'DP=27;I16=9,18,0,0,1058,41590,0,0,1620,97200,0,0,328,5802,0,0;QS=1,0;MQ0F=0', 'DP=27;I16=9,18,0,0,1058,41590,0,0,1620,97200,0,0,328,5802,0,0;QS=1,0;MQ0F=0', 27, 9, 18, 0, 0, 27, 0, 1.0, 0.0, 1.0, False]
before: 43.18055555555556
after: 44.18055555555556
20 141574
[1, 141574, '.', 'A', '<*>', 0, '.', 'DP=27;I16=9,18,0,0,1051,41043,0,0,1620,97200,0,0,329,5841,0,0;QS=1,0;MQ0F=0', 'DP=27;I16=9,18,0,0,1051,41043,0,0,1620,97200,0,0,329,5841,0,0;QS=1,0;MQ0F=0', 27, 9, 18, 0, 0, 27, 0, 1.0, 0.0, 1.0, False]
before: 44.18055555555556
after: 45.18055555555556
21 141575
[1, 141575, '.', 'T', '<*>', 0, '.', 'DP=27;I16=9,18,0,0,1010,38276,0,0,1620,97200,0,0,324,5646,0,0;QS=1,0;MQ0F=0', 'DP=27;I16=9,18,0,0,1010,38276,0,0,1620,97200,0,0,324,5646,0,0;QS=1,0;MQ0F=0', 27, 9, 18, 0, 0, 27, 0, 1.0, 0.0, 1.0, False]
before: 45.18055555555556
after: 46.18055555555556
22 141576
[1, 141576, '.', 'C', '<*>', 0, '.', 'DP=27;I16=9,18,0,0,1053,41281,0,0,1620,97200,0,0,319,5505,0,0;QS=1,0;MQ0F=0', 'DP=27;I16=9,18,0,0,1053,41281,0,0,1620,97200,0,0,319,5505,0,0;QS=1,0;MQ0F=0', 27, 9, 18, 0, 0, 27, 0, 1.0, 0.0, 1.0, False]
before: 46.18055555555556
after: 47.18055555555556
23 141577
[1, 141577, '.', 'C', '<*>', 0, '.', 'DP=26;I16=8,18,0,0,1022,40296,0,0,1560,93600,0,0,315,5417,0,0;QS=1,0;MQ0F=0', 'DP=26;I16=8,18,0,0,1022,40296,0,0,1560,93600,0,0,315,5417,0,0;QS=1,0;MQ0F=0', 26, 8, 18, 0, 0, 26, 0, 1.0, 0.0, 1.0, False]
before: 47.18055555555556
after: 48.18055555555556
24 141578
[1, 141578, '.', 'A', '<*>', 0, '.', 'DP=27;I16=6,21,0,0,1053,41293,0,0,1620,97200,0,0,313,5379,0,0;QS=1,0;MQ0F=0', 'DP=27;I16=6,21,0,0,1053,41293,0,0,1620,97200,0,0,313,5379,0,0;QS=1,0;MQ0F=0', 27, 6, 21, 0, 0, 27, 0, 1.0, 0.0, 1.0, False]
before: 48.18055555555556
after: 49.18055555555556
25 141579
[1, 141579, '.', 'G', '<*>', 0, '.', 'DP=27;I16=6,21,0,0,1054,41428,0,0,1620,97200,0,0,312,5296,0,0;QS=1,0;MQ0F=0', 'DP=27;I16=6,21,0,0,1054,41428,0,0,1620,97200,0,0,312,5296,0,0;QS=1,0;MQ0F=0', 27, 6, 21, 0, 0, 27, 0, 1.0, 0.0, 1.0, False]
before: 49.18055555555556
after: 50.18055555555556
